268.30
268.49
269.19
270.88
269.86
268.54
269.53
269.63
269.26
267.96
269.18
274.99
273.21
272.69
272.16
267.21
267.19
268.31
266.00
271.24
275.66
276.71
277.29
278.59
282.84
285.92
283.88
280.44
278.52
277.63
276.92
278.52
277.77
278.02
273.85
274.35
271.59
271.94
273.41
270.72
272.11
273.55
273.14
273.50
272.82
271.61
270.76
267.01
262.11
260.09
258.80
259.13
260.01
260.81
259.72
257.97
255.29
246.47
247.42
248.12
247.81
255.17
258.03
256.20
258.04
259.24
269.76
269.23
276.23
275.65
277.86
274.62
273.68
275.50
261.73
255.78
263.88
264.35
260.58
264.58
266.18
272.14
274.23
272.95
264.18
264.72
263.75
262.52
260.29
257.46
259.88
260.83
260.81
255.76
250.12
252.82
254.23
249.94
248.96
247.99
251.49
251.64
252.62
252.89
248.80
246.63
253.79
255.63
255.92
258.86
253.50
258.90
260.49
260.48
259.20
258.83
266.43
263.40
270.23
273.05
266.17
273.17
273.43
271.06
